%eval_id interface linear_diffusivity_exp       K_sp_exp     chi_elev_1     chi_elev_2     chi_elev_3     chi_elev_4     chi_elev_5     chi_elev_6     chi_elev_7     chi_elev_8     chi_elev_9    chi_elev_10    chi_elev_11    chi_elev_12    chi_elev_13    chi_elev_14    chi_elev_15    chi_elev_16    chi_elev_17    chi_elev_18    chi_elev_19    chi_elev_20 
21              I1   -4.572149738   -4.735736383    16.80692423   0.9635921941    2.042368539   0.6855726058   0.9051551653    1.016993062   0.7354360385   0.7594973192   0.7629495008   0.7426913161   0.4103201804    11.43334011   0.4278300394    8.058633007    3.901290268    1.035919341    7.477065288    1.616442718    1.120825686    1.014787772 
1               I1   -4.154052597   -4.531565513    15.60871639    1.476626752    2.014535494   0.7927515421    1.297128003    1.472061138    1.128189768   0.8920477784    1.185957672    1.105016046   0.5922817436    11.09715995   0.6326723244    7.601541881    3.634179233    1.425880165    7.296238604    1.548779836    1.164455032    1.451249091 
2               I1   -6.147550607   -5.414477531    18.05539579   0.4981194617    2.078241323   0.6177081218   0.5348847386   0.5334117052   0.3887220102   0.6581085011   0.3169771675   0.3717586888   0.2481480027    11.82703133   0.2334880953    8.547757209    4.248114994   0.8445995545    7.647262395     1.69577034    1.145050469   0.6228565255 
16              I1   -3.137092651   -3.777926846    7.227474775    13.70866106    3.624373565    3.869813094    10.76480017    14.69453601    16.16274504    3.887199336    9.982309812    10.90310764    8.229690781    4.631791529    8.164280595    4.957904202    6.889233835    8.019545466    5.098525805    5.000272125    5.576518186    11.06479732 
10              I1   -3.688580546   -4.447199694    14.92115676    1.782145471    1.998056149   0.8586965328    1.535087633    1.748307572    1.383725778   0.9732262445    1.429266917    1.322686849   0.7059705803    10.83620247   0.7564762852    7.324646865    3.476381932     1.67715057    7.170463856    1.506168048    1.205512779    1.712216279 
9               I1    -3.00359008   -3.667793347    6.002221253    18.23181503    5.495122609    5.803223691    14.87388215    21.41321444    24.72937523    5.392520557    14.32375246    17.06970328    14.16457294    5.299709911    13.68982071    7.042481295    9.356171172    9.594965216    6.144977361    7.394644199    7.835957906    14.50982348 
13              I1    -5.15298963   -2.951897588    7.360005851    37.83316337    25.39768144    27.22645925    41.77087807    58.12712033     76.0085013    26.84807863    53.99407143    81.61129684    90.12884076    14.77744355    104.5788662    21.17222016    26.64489676    18.17405889    20.88083209    26.71646463    26.50327741    32.59900585 
23              I1   -5.452674854   -4.366185371    14.21086631    2.280008076    1.979339782   0.9786281358    1.913044768    2.161051969     1.81609386    1.110836773    1.793161377    1.644933314   0.8830164278    10.35830653   0.9533181131    6.976657465    3.321615461    2.133067794     6.98874287    1.470811139     1.31993207    2.141431185 
3               I1   -3.303276982   -4.147134454    11.86033621    4.095145641    1.921989165    1.356387887    3.279024283    3.829957917    3.608064551     1.57790955    3.072633032    2.873843912    1.623055353    8.348136859    1.731823982    5.563881491    2.960514497    3.324542329    6.219184558    1.451545075    1.733170059    3.646925458 
11              I1   -1.892489474   -3.910524976    8.463181582    5.268250705    1.769178674    1.586272052    4.372890441    5.516528675    4.777065228     1.94003586    4.268109962    4.325435166    2.497639744    6.850073723    2.396354841    4.283189032    2.074128193    3.478670638    4.990090208    1.238796925    1.929792245     4.64394463 
4               I1   -3.854075696   -2.607290371    7.931912204    39.95025366     29.3156474     32.9256113    46.61420918    62.61262921    81.97943095    33.49390021     62.0136813    90.42080817    99.59501676    15.72184415    114.4530274     22.2571376    28.61803667    18.93992084    22.64076899    29.56568161    30.05084576    34.91124265 
20              I1   -5.754089112   -2.725634253    7.833802577    39.63948256    28.69543906    31.89733045    45.75203901    61.86235908    80.89699377    32.16368169    60.11126486    88.25579875    97.14761654     15.5649359    111.4827015    22.08529498    28.31928429    18.81423966    22.36811957    29.13934262    29.43677525    34.53621459 
18              I1   -2.757483762   -5.121337398    17.77449831   0.5812566493    2.065861538   0.6187109831   0.6205057963   0.6453976703   0.4642151585   0.6700392242   0.4048142377   0.4645885885   0.2920055888    11.75477349   0.2752641972    8.459136467    4.194769249   0.8424424579    7.615509887    1.675027286    1.130951856   0.7007185129 
12              I1   -5.221999352   -3.079288103    6.807850894    36.00135536    22.17551855    23.67171277    38.82556097    55.07719125    72.83292248    23.33241466    50.93830055    78.09912313    86.97510112    13.86248495    101.6040321    20.05106986    24.74928621    17.38149305    19.17026433    24.08016918    23.76146978    30.62210663 
17              I1   -1.340962525   -5.988000153    18.35325833   0.8482547431    2.065543137   0.6838742905   0.8732114793   0.7717173346   0.6113282447   0.7122726919   0.6255131968   0.7790815672    0.634534218    12.25900254   0.5134246639     8.89997755    4.495444481     1.25048047     7.77126514    1.751740708    1.264249569   0.9064376644 
5               I1    -2.29539071    -2.40210665    8.018954154    40.12630029    29.66484516    33.48248352    47.06788589    62.99914374     82.5011871     34.2211123    63.12569812    91.65438496    100.8945919    15.84631087    116.2736323    22.39892366    28.83115393    19.01990376    22.83520339    29.83584122    30.41689895    35.12359161 
15              I1   -2.385579491   -2.172310507    8.059641801    40.21893832    29.83758645    33.69197553    47.28330176    63.17849441    82.71159525    34.47170861    63.46747995    92.04455253    101.2863291    15.91696049     116.793077    22.47307773    28.94824841    19.06583468    22.94751232    29.97092294    30.57707602    35.23718579 
14              I1   -2.626292311   -1.908747403     8.07022632    40.26821852    29.94249586     33.8553906    47.39367347    63.27998117    82.82451017    34.62956411    63.61827818    92.21107967    101.4670006    15.94759845    116.9913834    22.50224822     29.0200051    19.09319568    22.99941776    30.06337552    30.69403686     35.3015361 
22              I1   -2.467948998   -1.866154127    8.084098262    40.27649634    29.95443786    33.87010237    47.40314709    63.28595806    82.83485716     34.6462171    63.64412446    92.22495223    101.4850573    15.95115244     117.000635    22.51287691    29.02989901    19.09331813    23.00816122    30.07684609    30.70519324    35.30692044 
6               I1   -4.778057265   -1.662420523    8.109061782    40.30464211    30.00478534    33.92144427    47.44155777    63.33003533    82.89516623    34.70354772    63.68908447    92.29032255    101.5508433    15.98361444    117.0933754     22.5566582     29.0704149    19.11334981    23.05139397    30.12382662    30.74367309    35.33609287 
7               I1   -6.029545428   -1.530857441    8.117815168    40.31339352    30.03064994    33.93500961    47.45578141    63.34440461    82.91711583    34.72055561     63.7125491    92.31451528    101.5808352     15.9973288    117.1183824    22.57786272    29.09053737    19.11914398    23.06925019    30.14994145    30.75700169    35.34609964 
19              I1   -2.061915931    -1.29538288    8.138809337    40.33133501    30.05865676    33.96329659    47.47422226     63.3693255    82.94487575    34.75009668    63.73655123    92.34799515    101.6139112    16.02180709    117.1691049    22.59894704    29.10849403    19.13026441    23.09197519     30.1736587    30.77743611    35.35999258 
8               I1   -3.194451073   -1.046438373    8.143039798    40.33892525    30.07318048     33.9830422    47.48723596    63.38035513    82.96421148    34.76828533    63.75360159     92.3676957    101.6377821    16.02687897    117.1975975    22.60980925    29.12296836    19.13480182    23.10168681    30.18974728    30.79395979    35.36885559 
24              I1   -4.933597532   -4.050771351    10.79238003     6.15161066    2.010751613    1.790236129    4.796389195    5.726975129    5.832251813    2.062807125    4.377453972    4.202024864    2.558150805    7.074913864    2.710118275    4.689949843    3.681974418    4.736437031    5.654947295    1.930544809    2.528361152    5.261635197 
29              I1   -4.840844098   -5.843524665    18.21062881   0.4664129296     2.08361361   0.6183439878    0.498712274   0.4778807868   0.3561992802   0.6526604919   0.2823611535   0.3350408346   0.2351586987    11.88726964   0.2168125557    8.607645174    4.288380561   0.8539443579    7.666262619    1.706862258    1.153583045   0.5836819243 
25              I1   -3.521699153    -5.21962859    17.88796667   0.5420958699    2.072448836   0.6193600175   0.5773089901   0.5933271483   0.4269560212   0.6652676385   0.3640457018   0.4166371267   0.2664142397    11.77376274   0.2542789299    8.489106375     4.20996814   0.8445571542    7.629317037    1.684352971    1.138190102   0.6647616074 
26              I1   -4.314138948   -5.610802688    18.14799192   0.4777876394    2.081274085   0.6175568514   0.5131478079   0.5001757903   0.3690171685   0.6544938606   0.2943525579   0.3494867691   0.2402756858    11.86336278   0.2231450688    8.583723387    4.272254177   0.8484250376    7.658327439    1.702225768    1.149593926   0.5994045976 
28              I1   -1.935495388   -3.602284066    4.642037296    14.50484619    3.892386761     4.22453189    11.79888743    16.29129918    17.06871293    4.291119313    11.55182641    12.58807871    9.471170088    3.650432879    8.793264203    5.067625311    7.219336182     8.13601301    4.666280368    5.052035921    6.028180281    11.80502759 
32              I1   -4.462916699   -3.465178431    5.100745901    28.34368082    11.83305814    12.88961759    26.68437123    41.03595643    53.14863588    11.93084221     29.8754755    43.88877919    42.90562246    8.830368896    43.16987347    12.98598595    15.58443743    13.17779987        10.8122    13.69465628    14.41587922    22.52909426 
27              I1   -1.524510753   -4.870044767    17.64862282   0.8830662926    2.029680183     0.64709161    1.007633956    1.001307779   0.7376743352   0.7378398002   0.7711272143   0.9254871936   0.6265240355    11.90334698   0.5212754437    8.553394211    4.246923946    1.004989398    7.580660188    1.657658239    1.146770707    0.989198594 
35              I1   -5.636145857   -2.782499428    7.757296766    39.36570776    28.18340805    31.05977058    45.01470296    61.25976448    79.99803813    31.14927261    58.76983059    86.70695712    95.43860365    15.44848157    109.6230881    21.95075388    28.07202236    18.70937387    22.14047106    28.77729623    28.94991836    34.22811955 
31              I1   -3.578905273   -4.933825484    17.42609429   0.6980650999    2.059135593   0.6371576343   0.7036508423   0.7677638308    0.544303129   0.6962818917   0.5217922425   0.5487209013    0.321119969    11.62443765   0.3215040237     8.30922702    4.080995326   0.8816380223    7.567215318    1.654252957     1.12379401   0.7957483498 
36              I1   -1.730016539    -5.74052873    18.25365811   0.6788290718    2.065690936    0.643482021   0.7059367723   0.6444456071   0.5063196468   0.6755362739   0.4467026525   0.5516152121   0.4200090739    12.05231179   0.3395489254    8.744210066    4.376782944    1.034905583    7.700521772    1.716441175    1.195643977   0.7594403205 
39              I1   -6.290767812   -5.354107447    18.01498316   0.5084737642    2.076938217   0.6181685169   0.5449637236   0.5481992811   0.3978269301   0.6599420679   0.3283084233   0.3821620414   0.2520322415    11.81192459   0.2384078045    8.532411412      4.2377916   0.8444316706    7.642661748     1.69303018    1.143384713   0.6334337015 
38              I1   -4.211639089   -2.367883727    8.030419454    40.15552243     29.7165841     33.5545862    47.14125188    63.06204571    82.58237637    34.30922622    63.25889746    91.81567063    101.0761509    15.86464881    116.5356169    22.42106967    28.86504309    19.03517777     22.8659666    29.87583656    30.46779738    35.16075695 
37              I1   -2.830323852   -3.268672696    5.628874928    32.13389285    16.30011333     17.8115358    33.16057094    49.14092478    66.19438132    17.55276968    41.53585387    64.21191782    68.32886323    11.41861866    74.85537369    16.79231954    20.10469829    15.27103469    14.84446365    18.26172634     18.6603837    26.47087615 
30              I1   -5.318369651   -3.127424691    6.546958017    35.20209719     20.8491835    22.35518709      37.749551    53.96925465    71.88058406    22.17930568    49.68423309    76.54445524    85.26756426    13.40443113    99.25928506    19.47879272    23.82765847    17.01031156    18.33383763    22.87572655     22.6530447    29.76313975 
40              I1   -5.906732213   -2.005790367    8.080746594    40.24874015    29.91126667    33.80133653    47.36059484    63.24654226    82.79082519    34.59139868    63.58341872    92.16298832    101.4268712    15.94270938    116.9276231    22.49537802    28.99208009    19.08588748    22.98848931    30.03202357    30.64765131    35.27980874 
34              I1   -1.674158586    -1.45482311    8.107938311    40.25120909     29.9724234    33.85976946    47.37949743    63.25052964    82.79501006    34.64395259    63.61680356    92.18904158    101.4406909    15.96813049    116.9632664    22.52522352    29.03117286    19.08740334    23.02993903    30.08547466    30.69083327    35.29052812 
33              I1   -3.934581626   -1.228322461    8.139372577    40.33270139    30.06197124    33.97108834    47.47939458    63.37144846    82.95114343    34.75599056    63.74232775    92.35504676    101.6214566     16.0192263    117.1786272    22.60272276    29.11551991    19.13250225    23.09317913     30.1788222    30.78439489    35.36381194 
41              I1   -1.300001568   -3.804605779    7.728812932    5.513872284    1.618203916    1.754820347    5.285231875    6.440207502    5.208716112    2.239889596    5.455482518    5.757325982    3.398841348    7.382519049    2.886282102     4.85393602     1.72656361    2.956092513    4.359653479      1.1211833    1.986410566     4.87016412 
42              I1   -1.917285519   -3.905040258    8.342836416    5.422537662    1.777593175     1.62016954    4.466401576    5.658424224    4.931916956    1.975490859     4.33975377    4.403876728    2.553923089    6.687012463    2.458104707    4.145497861    2.118567811    3.602897848    4.941666079    1.271774592    1.996925356    4.777678918 
43              I1   -1.857743004   -3.941497739    9.026758576    4.753399044    1.763583894    1.464041258    4.000547448    5.027212614    4.219271545     1.80856767    3.939225081    3.978578091    2.266913003    7.474706832    2.161723779    4.761926974    2.043219143    3.097268051     5.23940664    1.166934299    1.730522657    4.185821751 
44              I1   -2.032597786   -3.982621777    9.535861863    4.469619583    1.804880899    1.408776912    3.726791526    4.645728367    3.981123791    1.725145335    3.624367325    3.606330283    2.035398575    7.662049025    2.004896972    4.859339093    2.171240091    3.116849526    5.491820836    1.205063949    1.681063629     4.00754613 
45              I1    -2.00644562   -3.975019805    9.440824161    4.524661745    1.798428965     1.42076191     3.77986994    4.716683119    4.034509701    1.738557671    3.671095668    3.672365248    2.074286845    7.614501227    2.037333528     4.82849743    2.149777613    3.127671873    5.446449846    1.200078546     1.69472711     4.05718434 
46              I1   -2.178380667   -4.181298583    12.43456935    2.668949045    1.902050147    1.002705855    2.309380672    2.829895201    2.214896398    1.224519721    2.247486807      2.2222605    1.194739532     9.76956308    1.209924306     6.43014071    2.802447297    1.933247816    6.529110182    1.297047329    1.184190432    2.476190117 
47              I1   -2.438400123   -4.055612006     10.5323275    4.226723726     1.86640359    1.368971778     3.45217877    4.182749866    3.755065414     1.63080368    3.322110475    3.159887145    1.784463179    7.893694155    1.840615923      5.0583993    2.482061648    3.196423528      5.8730254    1.305992851    1.682560211    3.774688195 
48              I1   -2.068177151   -3.992033296    9.686777187     4.41547471    1.813182595    1.394451228    3.657809913    4.562758595    3.915497658    1.705579174    3.571347251    3.525044311    1.990110057    7.719812856    1.970023134    4.901778787    2.202586916    3.098879322     5.54713157     1.20908335    1.666355645    3.953314944 
49              I1    -2.77686667   -4.182568714    12.23736449    3.222171101    1.916423798    1.156842804    2.644978698    3.126670359    2.719821616    1.359839495    2.531753167      2.3736901    1.298695288    9.034763274    1.374732889    5.984926009    2.775800881    2.614010394     6.44686903    1.338287118    1.418302209    2.932728179 
50              I1   -1.678964927   -3.931421362    9.179514842    4.564504345     1.72688479     1.42616578    4.000662971    4.981332909    4.062283475    1.798528811    3.959357783    4.092653707    2.347405196    7.927026936    2.146419193    5.105752344    1.963799963     2.76996983    5.228811546     1.09776554    1.628519291    4.040798664 
51              I1    -1.31566966   -4.173564892    14.17574425     2.23825378    1.839551033   0.9141913504    2.500806245    2.818957611    2.059849418    1.243098897     2.51307488    2.650022248    1.533686791    10.97805792    1.337875728    7.410962966    3.319765712    1.097684808    6.617263318     1.33123127    1.041148935    2.189721655 
52              I1   -4.973413417   -4.214274962    12.71112325    3.580286522     1.93721114    1.257688051    2.889822934    3.295403424    3.063202357    1.448955363    2.692210995    2.494560777    1.387333746    8.999097326    1.493885621    6.065076313    3.023981324    3.071304075    6.488254676    1.440756861    1.604941583    3.223551686 
53              I1   -2.010158795   -4.020603416    10.18880483    3.954164462    1.815096108     1.29179896    3.341741276    4.153578335    3.453101864    1.591227778    3.271049427    3.264484939    1.813613398    8.278063492    1.788547992    5.324612875    2.245670722    2.734882631    5.745248196    1.183082693    1.501021584    3.569660159 
54              I1   -2.012617519   -3.991120683    9.699120761    4.326302102    1.804125993    1.374839719    3.620229304    4.514299428    3.824043468    1.687703163    3.525371891    3.522382328     1.97583861    7.843214627    1.945433915    5.002083128     2.17408739    2.990862168    5.556081932    1.190613466    1.624908358    3.886578939 
55              I1   -2.546370717   -4.116625364    11.37725808    3.640153268    1.889729366     1.24303067    2.995020071    3.585094199     3.14433557    1.479656234    2.885991009    2.721744559    1.507735446    8.528363701    1.574460687    5.571146609    2.605130502    2.839120304    6.184812558    1.304529475    1.509966154    3.288043692 
56              I1   -3.034590481   -4.156648621    11.93514156    3.753558688    1.915057237    1.278610114     3.02662779    3.558759002    3.260349212    1.494121924    2.868750269    2.680085423    1.493414472    8.568778846    1.588757922     5.68268295     2.83084743     3.03435816    6.290256109     1.38710785     1.60328281    3.371819549 
57              I1   -2.028276203   -3.993453961    9.723703822    4.318859618    1.807344693    1.374167977    3.622933706    4.500390268    3.823671838    1.683212147    3.514929642    3.503072686    1.967086649    7.841693353    1.940388396     4.99770559    2.183371245    3.012117599    5.568264275    1.196347078    1.627419772    3.884934466 
58              I1   -2.596297864   -4.042992229    10.38771569    4.698951795    1.888444119    1.479524833    3.781610841    4.572305574    4.254259825    1.745671778    3.613015155    3.421951109    1.969322983    7.499067769    2.047688247    4.749308091    2.624934599    3.580181204     5.75683357    1.406953348    1.879373294    4.150999065 
61              I1   -2.010604901   -3.991120683    9.701390033    4.322941027     1.80394593    1.373911293    3.614545295    4.512356213    3.820077608    1.686845794    3.521908923    3.522659223    1.975442024    7.848378336    1.944259025    5.005430126    2.173301619     2.98645996     5.55639242    1.189735228    1.623015395    3.883044888 
62              I1   -2.012617519   -3.995111803    9.764413557    4.274627672    1.805434073    1.363074034      3.5781561    4.463862116    3.771165918    1.673956023    3.486757193    3.486527563     1.95252241     7.90064844    1.922867652    5.043731503    2.181560398    2.954494531    5.582367978    1.188592017    1.607209306    3.843089735 
63              I1   -2.012617519   -3.987129562    9.635554057    4.377778808    1.802740236    1.386728961    3.666779225    4.565374833    3.871960422    1.701269923    3.563064116    3.558068911    2.000239375    7.787330081    1.968472866    4.958843566    2.166502521    3.029326426    5.529637308    1.193073684    1.642532002    3.932654128 
60              I1   -2.014630136   -3.991120683    9.698374023    4.328169108    1.804326001    1.375710011    3.622289845    4.516510924    3.827220734    1.688286122    3.527159764     3.52245255    1.976470264    7.843935082     1.94654748     4.99940736    2.174606697    2.995638494    5.555980155    1.191329684    1.626617978    3.889540936 
64              I1    -1.59361997   -3.974819517      10.169938    3.906391066    1.737257433    1.282218714    3.615760829    4.390203116    3.468563434    1.654394713    3.602683897    3.727775276    2.105557102    8.843602028     1.91241977    5.752787275    2.177094025    2.256450605    5.559116196     1.08961119     1.39549375    3.517569818 
65              I1   -1.902275616   -3.990841347    9.814309193    4.176056371    1.788599776    1.333368969    3.545616029    4.426596877    3.646187846    1.653777878    3.491695259    3.510127548    1.967672707    8.117187859    1.899383568    5.220987771    2.154553719    2.765585511    5.577527193    1.155137315     1.54194266    3.724805592 
66              I1   -1.969043305   -3.991451537     9.74897432    4.246356935    1.797678991    1.356108069    3.578082475    4.459324593    3.739721207    1.671173672    3.501472733     3.50987822     1.96752062    7.951671708    1.923722609    5.091265406    2.161832665     2.89511402    5.565051738    1.175075258    1.586146698    3.814557519 
70              I1   -1.969043305   -3.987460085    9.689179007    4.297599838    1.796222441      1.3678456    3.615792092    4.509533139    3.791558538    1.684831825    3.537542927    3.545979833    1.990541878    7.892751604    1.945735884      5.0463719    2.154098774    2.928540905     5.53778429    1.176451971    1.602547436    3.855477939 
68              I1   -1.967074261   -3.991451537    9.750688432    4.243634499    1.797495583     1.35582151    3.576148189    4.457426831    3.736187387    1.670809444    3.499721079    3.509305907    1.967183911    7.956982308     1.92232496    5.096162107    2.162762268     2.89068664    5.565752749    1.175014661    1.585925599    3.811732284 
67              I1   -1.971012348   -3.991451537    9.750840106    4.248860041    1.797989353    1.356944441    3.579156579    4.460940504    3.743416566    1.672120869    3.502568062    3.509858827    1.967683845    7.949186514    1.924642852    5.089005701    2.161761974    2.897361296    5.564285011    1.175612512    1.586691272    3.817660884 
69              I1   -1.969043305   -3.995442988    9.814963538    4.201496461    1.799441636    1.345232706    3.542842557    4.411155717    3.693239878    1.658205022    3.464911317    3.474104263    1.945090154     8.01153001    1.902270804    5.136127357    2.172360063    2.859260378    5.592274669    1.174429244    1.570537567    3.765358913 
71              I1   -1.928033574   -3.989308523    9.758981871    4.236007653    1.791081868    1.347090045    3.571901589    4.466281037    3.706930113    1.665582235    3.500105794     3.52157459    1.974643052    8.024616114     1.91855334    5.145413847    2.145168744    2.831798356    5.560898728     1.16486184    1.565945358    3.775090353 
72              I1    -1.95830918   -3.990963555    9.747297874    4.241928743    1.796439841    1.354007793     3.58111589    4.458847137    3.732084921    1.670405201    3.505590026    3.513301506    1.969319056    7.971485591    1.922159351    5.107009684    2.159224132    2.877411908    5.565052512    1.173395963    1.580842859    3.800645808 
73              I1   -1.966078688   -3.991322557    9.749952457    4.246134859    1.797320058    1.355792475    3.578693978    4.458194492    3.735995316    1.670826619    3.500292567    3.510275099    1.967722411    7.957676595    1.922552463    5.096719664    2.162207529    2.888106047    5.565203902    1.174766922    1.585616995    3.803918865 
74              I1   -1.967600201   -3.991389321    9.749901283    4.244988339    1.797439415    1.355839742    3.577118707    4.458770048    3.737662028    1.671036159    3.500732772    3.509974153    1.967637042    7.954533173    1.923333074    5.094451917    2.162388189     2.89244955    5.565158935    1.174793569    1.585393486    3.813046684 
75              I1    -1.96865247   -3.991434794    9.749264162    4.245937428     1.79761208    1.356045723    3.577882294    4.459135767    3.739189573    1.671152531    3.501377187    3.509914771    1.967628778    7.952276942    1.923618629    5.092650209    2.162546946    2.894386226     5.56512482     1.17499873    1.586063896    3.814098554 
76              I1   -1.968974383    -3.99144859    9.749020417    4.246277082     1.79766812    1.356169382    3.578009934    4.459286312    3.739587637    1.671167117    3.501432341    3.509888425    1.967552379    7.951723039    1.923703482    5.091370803    2.162487015    2.894985801    5.565050147    1.175073041    1.586272618    3.814404562 
77              I1   -1.969027223    -3.99145085    9.748980244    4.246340065    1.797675903    1.356185669     3.57806972    4.459314988    3.739698305     1.67116972    3.501466219    3.509880582    1.967521734    7.951701217    1.923716715    5.091293925     2.16249508    2.895096222    5.565050417     1.17508602    1.586308175    3.814535681 
78              I1   -1.969041696   -3.991451468    9.748976306    4.246355103    1.797678569    1.356107571    3.578081723     4.45932363    3.739718808    1.671173522    3.501472021    3.509878068    1.967520525    7.951675396    1.923722004    5.091268794    2.161831779    2.895111673    5.565052036    1.175074523    1.586145545    3.814556505 
79              I1    -1.96904298   -3.991451523    9.748975481     4.24635642    1.797678698    1.356107945    3.578082303    4.459324336    3.739720682     1.67117358     3.50147263    3.509878168     1.96752053    7.951672727     1.92372253    5.091266035    2.161832579     2.89511338    5.565051949    1.175075139    1.586146441     3.81455708 
