0.004394 0.000000 0.000549 0.000000 0.000000 0.000000 0.000000 0.000000 0.000000 0.000000 0.000000 0.000000 0.000000 0.000000 0.000000 0.000000 0.000000 0.000000 0.000000 0.000000
0.001648 0.001922 0.000000 0.000275 0.000000 0.000000 0.000000 0.000000 0.000000 0.000000 0.000000 0.000000 0.000000 0.000000 0.000000 0.000000 0.000000 0.000000 0.000000 0.000000
0.000000 0.003570 0.000000 0.000000 0.000000 0.000000 0.000000 0.000000 0.000000 0.000000 0.000000 0.000000 0.000000 0.000000 0.000000 0.000000 0.000000 0.000000 0.000000 0.000000
0.000000 0.004394 0.000549 0.000000 0.000000 0.000000 0.000000 0.000000 0.000000 0.000000 0.000000 0.000000 0.000000 0.000000 0.000000 0.000000 0.000000 0.000000 0.000000 0.000000
0.000000 0.004394 0.000824 0.000000 0.000000 0.000000 0.000000 0.000000 0.000000 0.000000 0.000000 0.000000 0.000000 0.000000 0.000000 0.000000 0.000000 0.000000 0.000000 0.000000
0.000000 0.001373 0.004668 0.000275 0.000000 0.000000 0.000000 0.000000 0.000000 0.000000 0.000000 0.000000 0.000000 0.000000 0.000000 0.000000 0.000000 0.000000 0.000000 0.000000
0.000000 0.000549 0.006041 0.000275 0.000275 0.000000 0.000000 0.000000 0.000000 0.000000 0.000000 0.000000 0.000000 0.000000 0.000000 0.000000 0.000000 0.000000 0.000000 0.000000
0.000000 0.000000 0.004668 0.002471 0.000000 0.000000 0.000000 0.000000 0.000000 0.000000 0.000000 0.000000 0.000000 0.000000 0.000000 0.000000 0.000000 0.000000 0.000000 0.000000
0.000000 0.000000 0.003295 0.004943 0.001373 0.000000 0.000000 0.000000 0.000000 0.000000 0.000000 0.000000 0.000000 0.000000 0.000000 0.000000 0.000000 0.000000 0.000000 0.000000
0.000000 0.000000 0.001373 0.002746 0.003295 0.000275 0.000000 0.000000 0.000000 0.000000 0.000000 0.000000 0.000000 0.000000 0.000000 0.000000 0.000000 0.000000 0.000000 0.000000
0.000000 0.000000 0.000275 0.005492 0.002471 0.004119 0.000000 0.000000 0.000000 0.000000 0.000000 0.000000 0.000000 0.000000 0.000000 0.000000 0.000000 0.000000 0.000000 0.000000
0.000000 0.000000 0.000000 0.004943 0.001098 0.003570 0.004119 0.000000 0.000000 0.000000 0.000000 0.000000 0.000000 0.000000 0.000000 0.000000 0.000000 0.000000 0.000000 0.000000
0.000000 0.000000 0.000000 0.004119 0.004394 0.001648 0.003021 0.004119 0.000549 0.000000 0.000000 0.000000 0.000000 0.000000 0.000000 0.000000 0.000000 0.000000 0.000000 0.000000
0.000000 0.000000 0.000000 0.001648 0.005767 0.005767 0.006041 0.004394 0.008238 0.004394 0.000824 0.000549 0.000000 0.000000 0.000000 0.000000 0.000000 0.000000 0.000000 0.000000
0.000000 0.000000 0.000000 0.000000 0.001373 0.001922 0.002746 0.005767 0.003021 0.006316 0.008238 0.005767 0.003295 0.002197 0.001648 0.000824 0.000824 0.000275 0.000000 0.000000
0.000000 0.000000 0.000000 0.000000 0.002197 0.001373 0.001373 0.002197 0.005767 0.004394 0.002197 0.003844 0.006316 0.003844 0.001098 0.000000 0.000000 0.000000 0.000000 0.000000
0.000000 0.000000 0.000000 0.000000 0.002471 0.001922 0.000549 0.000824 0.000824 0.003570 0.003844 0.002197 0.001098 0.004119 0.003021 0.003021 0.000275 0.000000 0.000000 0.000000
0.000000 0.000000 0.000000 0.000000 0.006316 0.002471 0.000824 0.000000 0.000275 0.000549 0.000549 0.001922 0.001373 0.002471 0.002471 0.001922 0.003021 0.001373 0.000549 0.000549
0.000000 0.000000 0.000000 0.000000 0.001922 0.009062 0.002471 0.001098 0.000275 0.000549 0.000275 0.000275 0.000824 0.000824 0.001922 0.001648 0.001373 0.001373 0.000275 0.000000
0.000000 0.000000 0.000000 0.000000 0.000000 0.002746 0.005218 0.001648 0.000549 0.000275 0.001373 0.000549 0.000824 0.000824 0.000549 0.000824 0.001922 0.001373 0.000824 0.000275
